74 43 20 99 22 85 19 29 91 32 83 29 73 33 47 93 27 15 62 73 22 64 52 32 95 9 93 30 81 19 4 61 31 19 11 38 35 31 49 54 16 91 41 43 41 91 14 33 95 72 
1 49 93 59 77 98 97 31 88 73 20 77 42 61 93 16 81 64 44 50 57 84 11 69 45 81 86 46 91 52 99 46 35 84 53 9 56 39 83 42 64 70 74 61 46 10 55 18 77 97 
28 25 49 98 17 25 65 67 88 75 43 86 71 67 46 31 75 70 37 72 32 36 52 15 76 17 69 35 60 40 31 32 84 34 93 30 57 88 16 95 48 80 43 75 37 2 3 14 48 88 
100 25 34 20 11 3 47 29 90 46 92 1 88 55 45 41 18 90 14 34 7 97 66 2 29 19 59 40 66 30 70 76 36 3 28 46 35 23 14 67 1 77 98 51 82 7 58 39 94 66 
54 48 61 12 32 55 14 17 1 14 80 39 12 20 39 24 89 60 35 37 24 96 56 11 93 96 68 60 18 26 27 80 85 42 26 55 98 71 25 66 31 73 34 47 41 57 66 78 21 12 
8 49 45 47 83 49 54 78 72 7 94 57 57 36 51 96 89 2 29 23 64 93 18 37 90 49 55 49 10 24 33 2 14 53 74 30 27 56 49 53 49 71 42 100 91 71 42 29 93 1 
49 77 89 78 54 64 46 47 78 25 81 20 21 89 97 96 3 32 5 95 66 80 28 75 32 81 32 83 7 3 21 49 57 81 85 9 68 30 4 67 67 96 91 25 86 17 91 70 76 25 
76 26 7 48 54 32 61 37 31 96 39 92 16 25 35 52 73 92 10 68 86 17 100 60 74 48 85 28 31 86 57 85 82 28 7 21 39 58 59 38 60 38 68 76 86 50 11 68 16 100 
58 12 15 58 77 49 78 10 88 72 55 36 43 47 90 43 67 45 74 2 53 91 49 84 91 100 77 37 33 55 38 92 100 41 82 4 61 21 51 54 62 28 99 69 15 84 32 54 1 93 
26 82 47 29 90 39 26 40 16 47 19 7 8 10 45 51 69 42 60 17 17 38 11 37 57 69 90 97 43 65 18 25 100 27 74 51 2 30 50 9 10 95 89 98 61 76 15 92 88 56 
64 5 1 70 35 87 59 48 67 88 79 54 20 98 82 74 39 96 53 18 44 6 17 76 65 98 87 69 57 60 79 88 81 69 72 69 29 18 96 93 36 7 17 10 24 31 38 88 27 33 
42 52 94 62 63 61 67 76 36 7 26 38 47 61 3 24 77 98 69 65 35 7 51 68 100 1 12 66 28 14 23 82 23 33 53 20 30 2 87 27 66 40 39 82 48 89 69 37 10 26 
42 33 46 11 88 13 83 19 98 72 59 52 36 43 7 35 12 9 45 14 88 58 84 96 56 64 41 76 49 74 83 47 92 14 92 10 14 39 29 94 65 91 42 43 3 73 77 83 87 4 
32 86 6 12 70 70 17 78 13 64 58 15 47 25 75 42 67 28 87 17 56 60 44 14 43 48 24 97 60 21 72 79 91 57 44 44 87 92 51 94 37 54 80 90 60 36 9 32 21 16 
61 38 67 40 65 36 11 83 94 11 93 98 64 97 60 5 4 33 38 34 94 30 78 38 33 75 100 25 51 97 19 87 16 85 64 6 60 7 95 94 47 87 19 25 51 6 93 36 29 71 
35 85 9 45 25 46 79 69 71 83 30 40 54 38 67 47 75 48 3 51 18 77 73 90 90 12 41 3 95 24 29 21 91 31 78 98 56 62 29 51 16 49 35 14 90 26 90 34 77 12 
67 10 23 72 68 84 69 81 75 11 71 14 80 49 77 68 80 4 29 5 85 14 88 68 39 95 72 30 6 26 85 51 74 50 23 86 42 46 45 94 42 84 86 3 86 26 5 61 99 40 
33 34 61 73 27 60 61 21 47 62 61 48 100 62 45 67 69 1 47 55 98 29 97 82 83 44 40 4 54 43 92 87 21 55 16 10 26 35 60 49 92 66 87 50 65 100 5 53 67 15 
92 72 89 89 31 85 61 28 4 10 81 37 87 6 93 35 43 83 33 11 40 79 76 8 41 75 15 17 43 51 67 29 59 96 41 51 14 46 35 72 65 57 79 63 7 50 53 83 66 13 
78 39 54 28 49 73 56 33 32 63 67 41 5 12 65 45 1 23 100 84 32 79 88 56 33 96 84 24 65 46 76 21 27 74 94 43 77 74 9 25 29 17 85 49 12 59 44 98 48 30 
43 91 53 67 43 67 56 60 46 57 93 59 21 35 16 31 52 7 33 92 48 91 3 78 8 93 42 32 18 26 77 97 48 45 40 8 33 49 55 5 49 1 90 11 51 35 74 100 1 65 
12 79 15 38 83 64 11 29 18 24 96 34 32 19 91 11 67 33 10 29 84 44 13 60 5 4 62 51 56 93 26 49 7 51 61 82 90 54 95 72 90 44 14 66 9 6 51 50 10 84 
55 36 40 44 66 93 92 44 86 99 36 20 69 34 86 31 28 65 95 18 38 78 12 90 11 87 65 4 96 2 55 57 37 10 76 96 53 44 33 53 84 70 28 75 57 42 32 26 11 98 
63 82 92 82 89 31 72 91 36 12 93 58 56 88 6 71 39 9 85 85 73 97 96 1 44 46 26 45 39 20 16 63 55 30 9 97 70 20 87 25 17 60 80 99 64 84 79 40 76 69 
96 45 56 91 63 14 11 92 30 40 4 95 53 11 73 54 2 31 16 44 17 94 29 60 83 10 38 19 99 59 54 13 88 62 33 82 99 65 12 16 3 16 69 76 95 18 47 28 22 94 
59 24 84 80 35 59 67 5 25 42 6 74 39 65 37 48 37 37 30 32 69 60 36 79 49 21 53 39 94 87 31 66 73 88 42 80 30 3 15 69 85 39 16 84 52 39 72 98 15 45 
2 93 58 72 63 44 7 33 11 79 38 82 16 29 48 50 3 79 21 90 98 43 84 86 96 15 9 86 76 59 75 22 16 55 16 22 11 72 1 93 89 48 87 28 15 2 60 24 22 5 
4 100 9 40 46 29 85 36 11 96 100 80 12 28 67 30 81 83 20 27 66 17 58 74 35 22 13 80 54 100 9 20 50 82 20 45 12 59 51 32 79 24 65 52 72 36 36 3 7 20 
90 38 70 37 73 74 99 93 91 33 44 81 8 53 90 16 74 87 5 2 43 65 51 40 50 7 75 92 79 61 35 95 83 25 16 59 19 22 50 74 79 41 66 69 94 64 83 42 93 74 
97 13 37 100 35 21 56 10 46 11 99 86 68 42 100 39 14 77 11 59 56 59 34 50 13 82 27 82 12 35 73 54 38 57 57 10 67 55 86 56 98 70 85 40 73 72 70 33 15 45 
35 100 50 57 68 54 22 6 26 98 17 28 31 76 7 23 66 8 68 31 22 55 10 51 92 47 14 24 32 75 83 42 7 56 29 100 17 56 55 27 17 83 54 28 67 57 96 62 9 7 
77 82 100 57 82 5 27 30 92 77 42 4 80 63 19 83 34 39 6 62 33 47 61 24 76 3 27 48 12 37 86 32 97 74 34 89 33 78 13 45 82 55 19 59 82 13 46 52 17 70 
71 58 74 41 7 75 71 72 48 48 24 93 36 51 96 90 57 67 50 37 73 29 8 41 89 93 25 61 67 46 43 53 13 69 17 81 58 42 29 79 38 9 41 32 21 76 81 13 13 19 
12 43 14 71 54 94 60 69 80 80 59 97 82 31 8 96 83 78 10 39 50 2 31 71 19 39 23 6 29 7 81 27 29 74 89 41 98 26 36 27 18 99 54 86 94 28 8 71 92 17 
39 78 40 32 59 29 65 42 41 18 95 87 39 5 49 67 76 6 24 35 30 57 71 23 43 30 38 6 39 26 92 11 12 67 37 8 12 73 18 53 37 17 60 59 99 41 31 27 25 94 
17 63 21 26 9 95 5 95 94 45 60 10 75 68 66 26 33 33 93 71 17 13 82 56 50 12 53 26 59 77 27 30 2 34 76 13 83 21 63 39 16 3 87 54 51 70 67 39 86 40 
9 30 73 81 28 81 21 92 60 27 51 49 37 16 44 86 26 36 31 1 49 10 23 85 79 31 45 42 23 82 41 41 13 56 2 99 99 38 62 14 99 21 44 38 16 82 23 18 88 19 
59 4 82 57 63 8 5 5 89 58 95 90 66 24 78 59 5 83 45 83 47 26 21 52 37 16 77 9 95 87 20 21 79 8 18 27 98 43 92 5 95 44 19 43 16 57 90 24 80 48 
39 37 99 96 97 29 63 35 2 10 63 92 55 10 93 34 79 46 36 29 56 29 38 51 22 88 12 15 24 83 78 52 19 3 11 2 38 51 31 3 33 1 98 81 76 70 50 12 29 45 
95 94 62 78 46 1 4 71 93 90 79 60 56 94 94 43 15 31 44 38 17 85 44 39 18 49 3 43 87 84 89 5 89 21 11 30 68 40 64 89 38 63 95 82 72 19 56 82 72 17 
1 60 59 30 35 50 11 36 23 21 88 62 87 23 23 48 66 87 9 28 9 14 93 1 72 87 91 44 24 23 81 99 44 16 11 11 44 19 29 78 13 92 31 82 71 26 42 13 78 99 
50 40 4 30 34 24 40 22 8 68 14 67 65 35 93 99 28 63 66 11 76 54 97 92 56 79 75 86 61 61 1 45 42 43 93 78 26 49 96 15 67 1 58 64 78 82 92 57 28 59 
41 92 6 76 69 71 44 69 51 7 6 19 96 22 5 40 43 54 36 82 75 74 58 97 76 5 3 87 75 91 79 6 46 73 21 24 30 15 33 61 41 95 72 54 57 82 55 15 57 17 
65 59 86 72 22 90 100 100 59 76 44 81 31 1 71 81 16 39 63 38 61 11 71 29 38 2 29 36 97 59 60 3 32 55 53 23 38 88 52 72 46 44 73 2 56 6 43 77 84 60 
53 13 45 47 59 80 82 79 12 49 98 56 73 41 56 17 43 31 23 64 55 60 75 59 71 76 58 95 68 68 27 54 59 93 76 45 85 73 48 25 41 70 86 28 12 8 41 64 61 69 
72 91 16 48 57 66 42 31 2 53 98 14 81 82 7 41 46 26 92 22 73 10 40 95 5 99 45 92 9 69 89 20 15 30 13 29 4 77 95 31 25 57 55 3 24 30 22 88 62 49 
43 13 6 83 55 82 82 13 12 71 68 49 86 19 85 3 59 85 90 91 18 95 34 43 52 41 6 77 31 77 100 21 80 5 60 27 96 70 35 43 26 8 11 33 94 39 27 9 60 68 
87 6 30 40 91 81 13 71 58 91 34 92 54 82 47 46 12 24 7 34 4 52 3 57 23 26 27 43 23 60 3 4 14 26 64 41 66 85 43 54 77 75 19 87 95 98 90 56 75 12 
83 56 49 8 23 89 45 31 14 2 5 88 50 11 24 52 94 42 33 70 20 8 23 61 54 52 38 63 43 31 86 75 6 88 30 29 44 70 57 18 20 10 27 70 47 41 44 93 99 78 
45 3 54 30 57 49 71 8 80 54 92 14 3 57 27 79 97 4 46 82 90 29 74 28 52 61 32 17 1 54 17 74 99 47 56 45 34 21 12 15 55 71 93 48 86 17 20 31 79 36 