89 63 30 68 71 14 85 60 68 37 44 63 62 10 57 79 100 26 80 87 
44 83 22 94 11 32 30 2 91 19 53 80 42 72 56 84 29 81 55 40 
30 46 76 98 5 87 86 63 23 90 72 5 17 14 28 32 70 34 17 34 
28 7 86 65 76 61 18 1 85 19 77 93 96 55 57 97 11 32 52 68 
62 75 3 97 23 1 34 35 20 33 88 19 31 6 51 58 43 60 39 85 
18 60 10 8 8 48 42 57 52 51 21 100 7 61 74 18 10 62 72 9 
93 89 77 27 20 47 77 19 17 67 25 9 92 85 93 60 5 52 2 79 
98 28 92 2 54 36 23 37 52 16 25 44 74 17 55 18 17 80 57 97 
43 91 90 8 42 95 31 59 79 10 33 55 31 82 63 33 26 46 81 100 
31 48 35 68 3 47 61 40 88 63 25 61 97 33 17 65 12 79 77 50 
65 4 38 19 68 51 81 3 2 82 12 7 60 30 70 3 26 3 21 92 
71 44 11 87 69 70 86 95 69 62 20 78 34 19 54 19 23 78 89 89 
62 15 80 9 31 89 49 5 44 6 100 40 7 52 49 18 36 5 100 14 
52 60 99 78 45 77 12 76 33 22 20 71 40 95 32 61 79 41 88 80 
16 95 20 83 16 62 25 65 55 28 89 61 83 40 31 12 41 89 40 34 
50 49 45 42 57 31 53 80 14 19 49 59 16 85 18 55 61 13 71 4 
50 90 74 98 47 26 60 41 24 91 42 47 27 96 19 1 60 55 18 50 
92 46 71 27 100 75 33 66 65 26 50 69 2 66 41 28 87 13 35 8 
63 63 87 32 88 80 52 30 61 59 81 38 89 77 90 64 95 2 99 91 
61 91 98 48 83 42 7 57 26 57 50 89 25 21 86 12 8 56 65 65 